1,-3.188396,55.944425,260,-3.1884480944533,55.944129557674096,rush.crown.link
2,-3.1884480944533,55.944129557674096,200,-3.1887300022395357,55.944026951631095,null
3,-3.1887300022395357,55.944026951631095,170,-3.1890254445654396,55.9440790460844,noted.friday.jams
4,-3.1890254445654396,55.9440790460844,100,-3.1890775390187396,55.944374488410304,spoon.invest.every
5,-3.1890775390187396,55.944374488410304,100,-3.1891296334720396,55.94466993073621,null
6,-3.1891296334720396,55.94466993073621,80,-3.1890775390187396,55.94496537306212,number.exist.rate
7,-3.1890775390187396,55.94496537306212,110,-3.189180145061737,55.945247280848356,number.exist.rate
8,-3.189180145061737,55.945247280848356,110,-3.189282751104735,55.945529188634595,null
9,-3.189282751104735,55.945529188634595,80,-3.189230656651435,55.9458246309605,coherent.saints.stuck
10,-3.189230656651435,55.9458246309605,160,-3.1895125644376705,55.9459272370035,coherent.saints.stuck
11,-3.1895125644376705,55.9459272370035,150,-3.189772372058806,55.9460772370035,love.behind.orchestra
12,-3.189772372058806,55.9460772370035,210,-3.1900321796799416,55.9459272370035,love.behind.orchestra
13,-3.1900321796799416,55.9459272370035,210,-3.190291987301077,55.945777237003504,null
14,-3.190291987301077,55.945777237003504,220,-3.190521800634013,55.9455844007206,null
15,-3.190521800634013,55.9455844007206,210,-3.1907816082551483,55.9454344007206,null
16,-3.1907816082551483,55.9454344007206,180,-3.1910816082551485,55.9454344007206,maple.limit.hotels
17,-3.1910816082551485,55.9454344007206,210,-3.191341415876284,55.9452844007206,null
18,-3.191341415876284,55.9452844007206,160,-3.1916233236625198,55.9453870067636,hills.feels.tunes
19,-3.1916233236625198,55.9453870067636,200,-3.1919052314487555,55.9452844007206,null
20,-3.1919052314487555,55.9452844007206,180,-3.1922052314487557,55.9452844007206,useful.hike.trades
21,-3.1922052314487557,55.9452844007206,70,-3.192102625405758,55.94556630850684,null
22,-3.192102625405758,55.94556630850684,60,-3.191952625405758,55.945826116127975,stone.undulation.poems
23,-3.191952625405758,55.945826116127975,300,-3.191802625405758,55.94556630850684,null
24,-3.191802625405758,55.94556630850684,300,-3.191652625405758,55.94530650088571,hills.feels.tunes
25,-3.191652625405758,55.94530650088571,300,-3.1915026254057577,55.94504669326457,hills.feels.tunes
26,-3.1915026254057577,55.94504669326457,310,-3.191309789122852,55.944816879931636,null
27,-3.191309789122852,55.944816879931636,290,-3.1912071830798543,55.9445349721454,paying.crowd.weep
28,-3.1912071830798543,55.9445349721454,280,-3.1911550886265543,55.94423952981949,null
29,-3.1911550886265543,55.94423952981949,250,-3.191257694669552,55.94395762203325,spicy.bunch.shady
30,-3.191257694669552,55.94395762203325,280,-3.191205600216252,55.943662179707346,null
31,-3.191205600216252,55.943662179707346,240,-3.191355600216252,55.94340237208621,meal.feed.large
32,-3.191355600216252,55.94340237208621,20,-3.1910736924300163,55.94350497812921,meal.feed.large
33,-3.1910736924300163,55.94350497812921,10,-3.1907782501041124,55.943557072582514,null
34,-3.1907782501041124,55.943557072582514,20,-3.1904963423178767,55.943659678625515,null
35,-3.1904963423178767,55.943659678625515,0,-3.1901963423178765,55.943659678625515,sculpture.shot.melon
36,-3.1901963423178765,55.943659678625515,350,-3.1899008999919727,55.94360758417221,null
37,-3.1899008999919727,55.94360758417221,0,-3.1896008999919725,55.94360758417221,cars.attend.hotels
38,-3.1896008999919725,55.94360758417221,250,-3.18970350603497,55.943325676385975,null
39,-3.18970350603497,55.943325676385975,230,-3.189896342317876,55.94309586305304,second.launch.miles
40,-3.189896342317876,55.94309586305304,10,-3.189600899991972,55.94314795750634,null
41,-3.189600899991972,55.94314795750634,20,-3.1893189922057363,55.94325056354934,null
42,-3.1893189922057363,55.94325056354934,10,-3.1890235498798325,55.943302658002644,null
43,-3.1890235498798325,55.943302658002644,0,-3.1887235498798323,55.943302658002644,system.speak.guard
44,-3.1887235498798323,55.943302658002644,50,-3.1885307135969265,55.94353247133558,null
45,-3.1885307135969265,55.94353247133558,50,-3.1883378773140207,55.943762284668516,null
46,-3.1883378773140207,55.943762284668516,50,-3.188145041031115,55.94399209800145,rush.crown.link
47,-3.188145041031115,55.94399209800145,50,-3.187952204748209,55.94422191133439,null
48,-3.187952204748209,55.94422191133439,10,-3.1876567624223053,55.94427400578769,thank.salsa.brain
49,-3.1876567624223053,55.94427400578769,20,-3.1873748546360696,55.94437661183069,null
50,-3.1873748546360696,55.94437661183069,30,-3.187115047014934,55.94452661183069,null
51,-3.187115047014934,55.94452661183069,10,-3.1868196046890302,55.94457870628399,artist.gets.react
52,-3.1868196046890302,55.94457870628399,30,-3.1865597970678947,55.94472870628399,laws.merit.bleak
53,-3.1865597970678947,55.94472870628399,340,-3.186277889281659,55.94462610024099,null
54,-3.186277889281659,55.94462610024099,340,-3.1859959814954233,55.94452349419799,null
55,-3.1859959814954233,55.94452349419799,310,-3.1858031452125175,55.94429368086505,atoms.vanish.foods
56,-3.1858031452125175,55.94429368086505,230,-3.1859959814954233,55.944063867532115,teams.mild.played
57,-3.1859959814954233,55.944063867532115,290,-3.1858933754524257,55.94378195974588,teams.mild.played
58,-3.1858933754524257,55.94378195974588,250,-3.1859959814954233,55.94350005195964,record.sofa.sock
59,-3.1859959814954233,55.94350005195964,310,-3.1858031452125175,55.9432702386267,null
60,-3.1858031452125175,55.9432702386267,280,-3.1857510507592175,55.942974796300796,toned.deflection.bland
61,-3.1857510507592175,55.942974796300796,200,-3.186032958545453,55.942872190257795,null
62,-3.186032958545453,55.942872190257795,160,-3.186314866331689,55.942974796300796,under.retire.bump
63,-3.186314866331689,55.942974796300796,200,-3.1865967741179246,55.942872190257795,null
64,-3.1865967741179246,55.942872190257795,180,-3.186896774117925,55.942872190257795,strut.river.surely
65,-3.186896774117925,55.942872190257795,30,-3.1866369664967893,55.94302219025779,null
66,-3.1866369664967893,55.94302219025779,10,-3.1863415241708855,55.943074284711095,null
67,-3.1863415241708855,55.943074284711095,30,-3.18608171654975,55.94322428471109,null
68,-3.18608171654975,55.94322428471109,30,-3.1858219089286144,55.94337428471109,record.sofa.sock
69,-3.1858219089286144,55.94337428471109,20,-3.1855400011423787,55.94347689075409,null
70,-3.1855400011423787,55.94347689075409,10,-3.185244558816475,55.943528985207394,hello.love.keys
71,-3.185244558816475,55.943528985207394,30,-3.1849847511953393,55.94367898520739,hello.love.keys
72,-3.1849847511953393,55.94367898520739,0,-3.184684751195339,55.94367898520739,rider.mile.lime
73,-3.184684751195339,55.94367898520739,120,-3.184834751195339,55.943938792828526,rider.mile.lime
74,-3.184834751195339,55.943938792828526,120,-3.1849847511953393,55.94419860044966,null
75,-3.1849847511953393,55.94419860044966,110,-3.185087357238337,55.9444805082359,acid.chair.butter
76,-3.185087357238337,55.9444805082359,20,-3.184805449452101,55.9445831142789,slide.leads.stores
77,-3.184805449452101,55.9445831142789,120,-3.1849554494521013,55.94484292190003,slide.leads.stores
78,-3.1849554494521013,55.94484292190003,130,-3.185148285735007,55.94507273523297,null
79,-3.185148285735007,55.94507273523297,120,-3.185298285735007,55.9453325428541,null
80,-3.185298285735007,55.9453325428541,130,-3.185491122017913,55.94556235618704,null
81,-3.185491122017913,55.94556235618704,120,-3.185641122017913,55.945822163808174,null
82,-3.185641122017913,55.945822163808174,90,-3.185641122017913,55.94612216380818,renew.slows.basket
83,-3.185641122017913,55.94612216380818,210,-3.1859009296390486,55.94597216380818,renew.slows.basket
84,-3.1859009296390486,55.94597216380818,190,-3.1861963719649524,55.94592006935488,posts.kicked.universally
85,-3.1861963719649524,55.94592006935488,190,-3.1864918142908563,55.945867974901574,null
86,-3.1864918142908563,55.945867974901574,200,-3.186773722077092,55.945765368858574,null
87,-3.186773722077092,55.945765368858574,190,-3.187069164402996,55.94571327440527,diner.leaves.mutual
88,-3.187069164402996,55.94571327440527,220,-3.1872989777359315,55.945520438122365,diner.leaves.mutual
89,-3.1872989777359315,55.945520438122365,180,-3.1875989777359317,55.945520438122365,null
90,-3.1875989777359317,55.945520438122365,190,-3.1878944200618355,55.94546834366906,null
91,-3.1878944200618355,55.94546834366906,190,-3.1881898623877394,55.94541624921576,null
92,-3.1881898623877394,55.94541624921576,260,-3.1882419568410394,55.945120806889854,null
93,-3.1882419568410394,55.945120806889854,260,-3.1882940512943394,55.94482536456395,null
94,-3.1882940512943394,55.94482536456395,260,-3.1883461457476394,55.94452992223804,null
