1,-3.188396,55.944425,340,-3.1881140922137643,55.944322393957,null
2,-3.1881140922137643,55.944322393957,340,-3.1878321844275286,55.944219787914,null
3,-3.1878321844275286,55.944219787914,300,-3.1876821844275285,55.94395998029287,bound.ends.matter
4,-3.1876821844275285,55.94395998029287,310,-3.1874893481446227,55.94373016695993,null
5,-3.1874893481446227,55.94373016695993,300,-3.1873393481446226,55.9434703593388,scale.chair.kinds
6,-3.1873393481446226,55.9434703593388,300,-3.1871893481446225,55.94321055171766,scale.chair.kinds
7,-3.1871893481446225,55.94321055171766,270,-3.1871893481446225,55.94291055171766,valve.elaborate.fortunate
8,-3.1871893481446225,55.94291055171766,0,-3.1868893481446223,55.94291055171766,valve.elaborate.fortunate
9,-3.1868893481446223,55.94291055171766,0,-3.186589348144622,55.94291055171766,null
10,-3.186589348144622,55.94291055171766,0,-3.186289348144622,55.94291055171766,hers.banks.goat
11,-3.186289348144622,55.94291055171766,0,-3.1859893481446218,55.94291055171766,null
12,-3.1859893481446218,55.94291055171766,0,-3.1856893481446216,55.94291055171766,dent.shins.cycle
13,-3.1856893481446216,55.94291055171766,40,-3.185459534811686,55.943103388000566,null
14,-3.185459534811686,55.943103388000566,30,-3.1851997271905503,55.943253388000564,null
15,-3.1851997271905503,55.943253388000564,0,-3.18489972719055,55.943253388000564,sentences.sings.modern
16,-3.18489972719055,55.943253388000564,320,-3.1846699138576144,55.94306055171766,courier.assume.bill
17,-3.1846699138576144,55.94306055171766,110,-3.184772519900612,55.943342459503896,brings.remedy.latter
18,-3.184772519900612,55.943342459503896,240,-3.184922519900612,55.94308265188276,courier.assume.bill
19,-3.184922519900612,55.94308265188276,110,-3.1850251259436098,55.943364559669,sentences.sings.modern
20,-3.1850251259436098,55.943364559669,80,-3.1849730314903097,55.94366000199491,hello.love.keys
21,-3.1849730314903097,55.94366000199491,110,-3.1850756375333074,55.943941909781145,null
22,-3.1850756375333074,55.943941909781145,100,-3.1851277319866074,55.94423735210705,null
23,-3.1851277319866074,55.94423735210705,80,-3.1850756375333074,55.94453279443296,acid.chair.butter
24,-3.1850756375333074,55.94453279443296,10,-3.1847801952074035,55.94458488888626,slide.leads.stores
25,-3.1847801952074035,55.94458488888626,70,-3.184677589164406,55.9448667966725,null
26,-3.184677589164406,55.9448667966725,60,-3.184527589164406,55.945126604293634,settle.title.united
27,-3.184527589164406,55.945126604293634,210,-3.1847873967855413,55.944976604293636,null
28,-3.1847873967855413,55.944976604293636,210,-3.185047204406677,55.94482660429364,slide.leads.stores
29,-3.185047204406677,55.94482660429364,220,-3.1852770177396126,55.94463376801073,acid.chair.butter
30,-3.1852770177396126,55.94463376801073,210,-3.185536825360748,55.944483768010734,atoms.vanish.foods
31,-3.185536825360748,55.944483768010734,230,-3.185729661643654,55.9442539546778,atoms.vanish.foods
32,-3.185729661643654,55.9442539546778,220,-3.1859594749765896,55.94406111839489,teams.mild.played
33,-3.1859594749765896,55.94406111839489,180,-3.18625947497659,55.94406111839489,null
34,-3.18625947497659,55.94406111839489,180,-3.18655947497659,55.94406111839489,lime.learns.front
35,-3.18655947497659,55.94406111839489,190,-3.186854917302494,55.94400902394159,null
36,-3.186854917302494,55.94400902394159,140,-3.1870847306354295,55.944201860224496,null
37,-3.1870847306354295,55.944201860224496,110,-3.187187336678427,55.944483768010734,null
38,-3.187187336678427,55.944483768010734,30,-3.1869275290572916,55.94463376801073,artist.gets.react
39,-3.1869275290572916,55.94463376801073,40,-3.186697715724356,55.94482660429364,null
40,-3.186697715724356,55.94482660429364,20,-3.18641580793812,55.94492921033664,null
41,-3.18641580793812,55.94492921033664,120,-3.1865658079381203,55.94518901795777,dragon.bottle.crisp
42,-3.1865658079381203,55.94518901795777,160,-3.186847715724356,55.945291624000774,dragon.bottle.crisp
43,-3.186847715724356,55.945291624000774,130,-3.1870405520072618,55.94552143733371,null
44,-3.1870405520072618,55.94552143733371,150,-3.1873003596283973,55.94567143733371,null
45,-3.1873003596283973,55.94567143733371,190,-3.187595801954301,55.945619342880406,null
46,-3.187595801954301,55.945619342880406,190,-3.187891244280205,55.9455672484271,null
47,-3.187891244280205,55.9455672484271,170,-3.188186686606109,55.945619342880406,skills.less.herb
48,-3.188186686606109,55.945619342880406,120,-3.188336686606109,55.94587915050154,bend.tubes.chops
49,-3.188336686606109,55.94587915050154,110,-3.1884392926491065,55.94616105828778,boost.radar.stress
50,-3.1884392926491065,55.94616105828778,240,-3.1885892926491066,55.945901250666644,bend.tubes.chops
51,-3.1885892926491066,55.945901250666644,240,-3.1887392926491067,55.94564144304551,null
52,-3.1887392926491067,55.94564144304551,240,-3.188889292649107,55.945381635424376,null
53,-3.188889292649107,55.945381635424376,230,-3.1890821289320126,55.94515182209144,null
54,-3.1890821289320126,55.94515182209144,240,-3.1892321289320127,55.944892014470305,null
55,-3.1892321289320127,55.944892014470305,230,-3.1894249652149185,55.94466220113737,null
56,-3.1894249652149185,55.94466220113737,240,-3.1895749652149186,55.944402393516235,null
57,-3.1895749652149186,55.944402393516235,210,-3.189834772836054,55.94425239351624,cliff.asleep.wedge
58,-3.189834772836054,55.94425239351624,290,-3.1897321667930565,55.94397048573,cliff.asleep.wedge
59,-3.1897321667930565,55.94397048573,290,-3.189629560750059,55.94368857794376,cars.attend.hotels
60,-3.189629560750059,55.94368857794376,200,-3.1899114685362946,55.94358597190076,null
61,-3.1899114685362946,55.94358597190076,170,-3.1902069108621984,55.94363806635406,arts.dish.scarcely
62,-3.1902069108621984,55.94363806635406,290,-3.190104304819201,55.94335615856782,arts.dish.scarcely
63,-3.190104304819201,55.94335615856782,290,-3.190001698776203,55.943074250781585,second.launch.miles
64,-3.190001698776203,55.943074250781585,290,-3.1898990927332056,55.94279234299535,hooked.shine.third
65,-3.1898990927332056,55.94279234299535,180,-3.190199092733206,55.94279234299535,null
66,-3.190199092733206,55.94279234299535,150,-3.1904589003543413,55.942942342995345,tonic.bliss.cove
67,-3.1904589003543413,55.942942342995345,0,-3.190158900354341,55.942942342995345,null
68,-3.190158900354341,55.942942342995345,0,-3.189858900354341,55.942942342995345,second.launch.miles
69,-3.189858900354341,55.942942342995345,10,-3.189563458028437,55.94299443744865,null
70,-3.189563458028437,55.94299443744865,0,-3.189263458028437,55.94299443744865,region.passes.pencil
71,-3.189263458028437,55.94299443744865,40,-3.189033644695501,55.94318727373155,null
72,-3.189033644695501,55.94318727373155,10,-3.1887382023695974,55.943239368184855,system.speak.guard
73,-3.1887382023695974,55.943239368184855,120,-3.1888882023695975,55.94349917580599,labels.hotels.alert
74,-3.1888882023695975,55.94349917580599,150,-3.189148009990733,55.94364917580599,null
75,-3.189148009990733,55.94364917580599,140,-3.1893778233236687,55.94384201208889,null
76,-3.1893778233236687,55.94384201208889,150,-3.1896376309448042,55.94399201208889,null
77,-3.1896376309448042,55.94399201208889,140,-3.18986744427774,55.9441848483718,cliff.asleep.wedge
78,-3.18986744427774,55.9441848483718,150,-3.1901272518988755,55.944334848371795,null
79,-3.1901272518988755,55.944334848371795,140,-3.190357065231811,55.9445276846547,null
80,-3.190357065231811,55.9445276846547,150,-3.1906168728529467,55.9446776846547,null
81,-3.1906168728529467,55.9446776846547,140,-3.1908466861858824,55.944870520937606,null
82,-3.1908466861858824,55.944870520937606,110,-3.19094929222888,55.945152428723844,shapes.sheep.nature
83,-3.19094929222888,55.945152428723844,100,-3.19100138668218,55.94544787104975,null
84,-3.19100138668218,55.94544787104975,110,-3.1911039927251776,55.94572977883599,null
85,-3.1911039927251776,55.94572977883599,70,-3.19100138668218,55.94601168662223,simple.rust.audio
86,-3.19100138668218,55.94601168662223,180,-3.19130138668218,55.94601168662223,simple.rust.audio
87,-3.19130138668218,55.94601168662223,180,-3.1916013866821804,55.94601168662223,null
88,-3.1916013866821804,55.94601168662223,150,-3.191861194303316,55.946161686622226,stone.undulation.poems
89,-3.191861194303316,55.946161686622226,330,-3.1916013866821804,55.94601168662223,null
90,-3.1916013866821804,55.94601168662223,330,-3.191341579061045,55.94586168662223,null
91,-3.191341579061045,55.94586168662223,330,-3.1910817714399093,55.94571168662223,null
92,-3.1910817714399093,55.94571168662223,330,-3.190821963818774,55.945561686622234,null
93,-3.190821963818774,55.945561686622234,330,-3.1905621561976383,55.945411686622236,null
94,-3.1905621561976383,55.945411686622236,340,-3.1902802484114026,55.945309080579236,null
95,-3.1902802484114026,55.945309080579236,330,-3.190020440790267,55.94515908057924,null
96,-3.190020440790267,55.94515908057924,340,-3.1897385330040313,55.94505647453624,null
97,-3.1897385330040313,55.94505647453624,330,-3.189478725382896,55.94490647453624,null
98,-3.189478725382896,55.94490647453624,340,-3.18919681759666,55.94480386849324,null
99,-3.18919681759666,55.94480386849324,330,-3.1889370099755245,55.94465386849324,null
100,-3.1889370099755245,55.94465386849324,340,-3.188655102189289,55.94455126245024,null
101,-3.188655102189289,55.94455126245024,330,-3.1883952945681533,55.94440126245024,trades.rare.cable
