1,-3.188396,55.944425,260,-3.1884480944533,55.944129557674096,rush.crown.link
2,-3.1884480944533,55.944129557674096,200,-3.1887300022395357,55.944026951631095,null
3,-3.1887300022395357,55.944026951631095,180,-3.189030002239536,55.944026951631095,noted.friday.jams
4,-3.189030002239536,55.944026951631095,90,-3.189030002239536,55.9443269516311,spoon.invest.every
5,-3.189030002239536,55.9443269516311,240,-3.189180002239536,55.94406714400996,spoon.invest.every
6,-3.189180002239536,55.94406714400996,260,-3.189232096692836,55.94377170168406,null
7,-3.189232096692836,55.94377170168406,250,-3.1893347027358336,55.94348979389782,null
8,-3.1893347027358336,55.94348979389782,220,-3.1895645160687693,55.94329695761491,rents.cone.stove
9,-3.1895645160687693,55.94329695761491,190,-3.189859958394673,55.94324486316161,null
10,-3.189859958394673,55.94324486316161,160,-3.190141866180909,55.94334746920461,shows.fries.lamp
11,-3.190141866180909,55.94334746920461,200,-3.1904237739671446,55.94324486316161,null
12,-3.1904237739671446,55.94324486316161,180,-3.190723773967145,55.94324486316161,relate.chill.vest
13,-3.190723773967145,55.94324486316161,310,-3.190530937684239,55.943015049828674,tonic.bliss.cove
14,-3.190530937684239,55.943015049828674,340,-3.1902490298980033,55.94291244378567,null
15,-3.1902490298980033,55.94291244378567,330,-3.1899892222768678,55.942762443785675,null
16,-3.1899892222768678,55.942762443785675,0,-3.1896892222768676,55.942762443785675,hooked.shine.third
17,-3.1896892222768676,55.942762443785675,120,-3.1898392222768677,55.94302225140681,null
18,-3.1898392222768677,55.94302225140681,0,-3.1895392222768675,55.94302225140681,null
19,-3.1895392222768675,55.94302225140681,10,-3.1892437799509636,55.94307434586011,null
20,-3.1892437799509636,55.94307434586011,0,-3.1889437799509635,55.94307434586011,null
21,-3.1889437799509635,55.94307434586011,0,-3.1886437799509633,55.94307434586011,groups.ideas.script
22,-3.1886437799509633,55.94307434586011,10,-3.1883483376250594,55.943126440313414,null
23,-3.1883483376250594,55.943126440313414,10,-3.1880528952991556,55.943178534766716,null
24,-3.1880528952991556,55.943178534766716,0,-3.1877528952991554,55.943178534766716,gums.clock.modes
25,-3.1877528952991554,55.943178534766716,70,-3.187650289256158,55.943460442552954,null
26,-3.187650289256158,55.943460442552954,50,-3.187457452973252,55.94369025588589,begins.spider.drips
27,-3.187457452973252,55.94369025588589,80,-3.187405358519952,55.9439856982118,begins.spider.drips
28,-3.187405358519952,55.9439856982118,80,-3.187353264066652,55.944281140537704,null
29,-3.187353264066652,55.944281140537704,60,-3.187203264066652,55.94454094815884,only.fairly.rift
30,-3.187203264066652,55.94454094815884,0,-3.1869032640666517,55.94454094815884,artist.gets.react
31,-3.1869032640666517,55.94454094815884,70,-3.186800658023654,55.94482285594508,null
32,-3.186800658023654,55.94482285594508,340,-3.1865187502374184,55.944720249902076,null
33,-3.1865187502374184,55.944720249902076,190,-3.186814192563322,55.944668155448774,artist.gets.react
34,-3.186814192563322,55.944668155448774,110,-3.18691679860632,55.94495006323501,null
35,-3.18691679860632,55.94495006323501,670,-3.186723962323414,55.944720249902076,artist.gets.react
36,-3.186723962323414,55.944720249902076,140,-3.1869537756563497,55.94491308618498,null
37,-3.1869537756563497,55.94491308618498,290,-3.186851169613352,55.944631178398744,artist.gets.react
38,-3.186851169613352,55.944631178398744,40,-3.1866213562804164,55.94482401468165,null
39,-3.1866213562804164,55.94482401468165,40,-3.1863915429474807,55.94501685096456,null
40,-3.1863915429474807,55.94501685096456,130,-3.1865843792303865,55.94524666429749,dragon.bottle.crisp
41,-3.1865843792303865,55.94524666429749,60,-3.1864343792303864,55.94550647191863,null
42,-3.1864343792303864,55.94550647191863,30,-3.186174571609251,55.945656471918625,posts.kicked.universally
43,-3.186174571609251,55.945656471918625,10,-3.185879129283347,55.94570856637193,null
44,-3.185879129283347,55.94570856637193,0,-3.185579129283347,55.94570856637193,shed.desire.muddy
45,-3.185579129283347,55.94570856637193,290,-3.1854765232403492,55.94542665858569,null
46,-3.1854765232403492,55.94542665858569,290,-3.1853739171973516,55.94514475079945,null
47,-3.1853739171973516,55.94514475079945,280,-3.1853218227440516,55.94484930847354,null
48,-3.1853218227440516,55.94484930847354,250,-3.1854244287870492,55.944567400687305,acid.chair.butter
49,-3.1854244287870492,55.944567400687305,200,-3.185706336573285,55.944464794644304,null
50,-3.185706336573285,55.944464794644304,190,-3.186001778899189,55.944412700191,organs.shape.fantastic
51,-3.186001778899189,55.944412700191,320,-3.185771965566253,55.944219863908096,null
52,-3.185771965566253,55.944219863908096,320,-3.1855421522333174,55.94402702762519,null
53,-3.1855421522333174,55.94402702762519,320,-3.1853123389003817,55.94383419134228,null
54,-3.1853123389003817,55.94383419134228,0,-3.1850123389003815,55.94383419134228,hello.love.keys
55,-3.1850123389003815,55.94383419134228,240,-3.1851623389003816,55.94357438372115,hello.love.keys
56,-3.1851623389003816,55.94357438372115,240,-3.1853123389003817,55.943314576100015,null
57,-3.1853123389003817,55.943314576100015,240,-3.1854623389003818,55.94305476847888,null
58,-3.1854623389003818,55.94305476847888,200,-3.1857442466866175,55.94295216243588,dent.shins.cycle
59,-3.1857442466866175,55.94295216243588,200,-3.186026154472853,55.94284955639288,null
60,-3.186026154472853,55.94284955639288,160,-3.186308062259089,55.94295216243588,under.retire.bump
61,-3.186308062259089,55.94295216243588,50,-3.186115225976183,55.943181975768816,null
62,-3.186115225976183,55.943181975768816,50,-3.1859223896932773,55.94341178910175,null
63,-3.1859223896932773,55.94341178910175,50,-3.1857295534103716,55.94364160243469,null
64,-3.1857295534103716,55.94364160243469,50,-3.1855367171274658,55.943871415767624,null
65,-3.1855367171274658,55.943871415767624,50,-3.18534388084456,55.94410122910056,null
66,-3.18534388084456,55.94410122910056,40,-3.1851140675116243,55.94429406538347,null
67,-3.1851140675116243,55.94429406538347,50,-3.1849212312287185,55.9445238787164,null
68,-3.1849212312287185,55.9445238787164,40,-3.184691417895783,55.94471671499931,null
69,-3.184691417895783,55.94471671499931,10,-3.184395975569879,55.94476880945261,sports.topic.clocks
70,-3.184395975569879,55.94476880945261,160,-3.1846778833561147,55.94487141549561,null
71,-3.1846778833561147,55.94487141549561,160,-3.1849597911423504,55.94497402153861,null
72,-3.1849597911423504,55.94497402153861,160,-3.185241698928586,55.945076627581614,null
73,-3.185241698928586,55.945076627581614,160,-3.185523606714822,55.945179233624614,null
74,-3.185523606714822,55.945179233624614,160,-3.1858055145010575,55.945281839667615,null
75,-3.1858055145010575,55.945281839667615,160,-3.1860874222872932,55.945384445710616,null
76,-3.1860874222872932,55.945384445710616,160,-3.186369330073529,55.94548705175362,null
77,-3.186369330073529,55.94548705175362,160,-3.1866512378597647,55.94558965779662,null
78,-3.1866512378597647,55.94558965779662,150,-3.1869110454809,55.945739657796615,null
79,-3.1869110454809,55.945739657796615,160,-3.187192953267136,55.945842263839616,null
80,-3.187192953267136,55.945842263839616,120,-3.187342953267136,55.94610207146075,slips.mass.baking
81,-3.187342953267136,55.94610207146075,180,-3.187642953267136,55.94610207146075,null
82,-3.187642953267136,55.94610207146075,180,-3.1879429532671364,55.94610207146075,null
83,-3.1879429532671364,55.94610207146075,180,-3.1882429532671366,55.94610207146075,null
84,-3.1882429532671366,55.94610207146075,160,-3.1885248610533723,55.94620467750375,boost.radar.stress
85,-3.1885248610533723,55.94620467750375,250,-3.18862746709637,55.94592276971751,boost.radar.stress
86,-3.18862746709637,55.94592276971751,250,-3.1887300731393675,55.945640861931274,null
87,-3.1887300731393675,55.945640861931274,210,-3.188989880760503,55.945490861931276,shady.soft.phones
88,-3.188989880760503,55.945490861931276,130,-3.189182717043409,55.94572067526421,museum.spicy.horns
89,-3.189182717043409,55.94572067526421,100,-3.189234811496709,55.94601611759012,coherent.saints.stuck
90,-3.189234811496709,55.94601611759012,220,-3.1894646248296445,55.94582328130721,coherent.saints.stuck
91,-3.1894646248296445,55.94582328130721,220,-3.1896944381625802,55.94563044502431,null
92,-3.1896944381625802,55.94563044502431,180,-3.1899944381625804,55.94563044502431,turkey.limit.ramp
93,-3.1899944381625804,55.94563044502431,200,-3.190276345948816,55.945527838981306,null
94,-3.190276345948816,55.945527838981306,200,-3.190558253735052,55.945425232938305,null
95,-3.190558253735052,55.945425232938305,200,-3.1908401615212876,55.945322626895305,maple.limit.hotels
96,-3.1908401615212876,55.945322626895305,250,-3.190942767564285,55.945040719109066,null
97,-3.190942767564285,55.945040719109066,220,-3.191172580897221,55.94484788282616,estate.gave.votes
98,-3.191172580897221,55.94484788282616,260,-3.191224675350521,55.94455244050025,paying.crowd.weep
99,-3.191224675350521,55.94455244050025,280,-3.191172580897221,55.944256998174346,null
100,-3.191172580897221,55.944256998174346,250,-3.1912751869402185,55.94397509038811,spicy.bunch.shady
101,-3.1912751869402185,55.94397509038811,130,-3.1914680232231243,55.944204903721044,null
102,-3.1914680232231243,55.944204903721044,130,-3.19166085950603,55.94443471705398,null
103,-3.19166085950603,55.94443471705398,130,-3.191853695788936,55.944664530386916,null
104,-3.191853695788936,55.944664530386916,130,-3.1920465320718416,55.94489434371985,null
105,-3.1920465320718416,55.94489434371985,90,-3.1920465320718416,55.945194343719855,useful.hike.trades
106,-3.1920465320718416,55.945194343719855,350,-3.191751089745938,55.94514224926655,null
107,-3.191751089745938,55.94514224926655,350,-3.191455647420034,55.94509015481325,null
108,-3.191455647420034,55.94509015481325,350,-3.19116020509413,55.94503806035995,null
109,-3.19116020509413,55.94503806035995,350,-3.1908647627682263,55.944985965906646,null
110,-3.1908647627682263,55.944985965906646,350,-3.1905693204423224,55.944933871453344,null
111,-3.1905693204423224,55.944933871453344,350,-3.1902738781164186,55.94488177700004,null
112,-3.1902738781164186,55.94488177700004,350,-3.1899784357905148,55.94482968254674,null
113,-3.1899784357905148,55.94482968254674,350,-3.189682993464611,55.94477758809344,null
114,-3.189682993464611,55.94477758809344,340,-3.189401085678375,55.94467498205044,null
115,-3.189401085678375,55.94467498205044,350,-3.1891056433524714,55.944622887597134,null
116,-3.1891056433524714,55.944622887597134,340,-3.1888237355662357,55.944520281554134,null
117,-3.1888237355662357,55.944520281554134,350,-3.188528293240332,55.94446818710083,null
